Generated by GetData Graph Digitizer 2.26.0.20 on March 11 2020, 08:35
from file '\\helix.klient.uib.no\biohome\nfiof\Arbeid 19\Patricia\Tuna larvae phenology\Data Malca&al2017.jpg'

Line #1
 0.00000000000000e+000    2.28373702422145e+000
 1.01886792452830e+000    3.15270614350069e+000
 2.00686106346484e+000    3.53712749351582e+000
 3.02572898799314e+000    3.50644263355630e+000
 4.01372212692967e+000    4.23688474481711e+000
 5.03259005145798e+000    4.55222064610326e+000
 5.98970840480274e+000    4.90192121647367e+000
 7.03945111492281e+000    5.28657997352911e+000
 7.99656946826758e+000    5.53247431552583e+000
 9.04631217838765e+000    6.19394968157781e+000
 1.00343053173242e+001    6.85518764058948e+000
 1.11149228130360e+001    6.79013811154570e+000
 1.20720411663808e+001    6.86302207291957e+000
 1.30291595197256e+001    7.69715170903393e+000
 1.50668953687822e+001    8.29322143548167e+000
 1.70737564322470e+001    8.05872263141963e+000
0	1	2	3	4	5	6	7	8	9	10	11	12	13	15	17
