9.38
9.39
9.41
9.42
9.44
9.45
9.47
9.48
9.50
9.52
9.54
9.56
9.59
9.61
9.63
9.66
9.68
9.71
9.73
9.76
9.79
9.82
9.85
9.88
9.91
9.94
9.97
10.01
10.04
10.08
10.11
10.14
10.18
10.22
10.25
10.29
10.33
10.36
10.40
10.44
10.48
10.52
10.56
10.60
10.64
10.68
10.72
10.76
10.80
10.84
10.88
10.93
10.97
11.01
11.05
11.10
11.14
11.18
11.22
11.27
11.31
11.35
11.40
11.44
11.48
11.53
11.57
11.62
11.66
11.70
11.75
11.79
11.84
11.88
11.92
11.97
12.01
12.06
12.10
12.15
12.19
12.23
12.28
12.32
12.37
12.41
12.45
12.50
12.54
12.59
12.63
12.67
12.72
12.76
12.80
12.85
12.89
12.93
12.98
13.02
13.06
13.10
13.15
13.19
13.23
13.27
13.32
13.36
13.40
13.44
13.48
13.52
13.56
13.60
13.64
13.68
13.72
13.76
13.80
13.84
13.87
13.91
13.95
13.99
14.02
14.06
14.10
14.13
14.17
14.20
14.23
14.27
14.30
14.33
14.37
14.40
14.43
14.46
14.49
14.52
14.54
14.57
14.60
14.62
14.65
14.68
14.70
14.72
14.74
14.77
14.79
14.81
14.83
14.85
14.86
14.88
14.89
14.91
14.92
14.94
14.95
14.96
14.97
14.98
14.99
14.99
15.00
15.01
15.01
15.01
15.02
15.02
15.02
15.02
15.01
15.01
15.01
15.00
15.00
14.99
14.98
14.97
14.96
14.95
14.94
14.93
14.92
14.90
14.89
14.87
14.85
14.83
14.82
14.80
14.78
14.75
14.73
14.71
14.69
14.66
14.64
14.61
14.58
14.56
14.53
14.50
14.47
14.44
14.41
14.38
14.35
14.32
14.29
14.25
14.22
14.19
14.15
14.12
14.08
14.05
14.01
13.97
13.94
13.90
13.86
13.83
13.79
13.75
13.71
13.67
13.63
13.59
13.55
13.51
13.47
13.43
13.39
13.35
13.31
13.27
13.23
13.19
13.14
13.10
13.06
13.02
12.98
12.93
12.89
12.85
12.81
12.76
12.72
12.68
12.63
12.59
12.55
12.50
12.46
12.42
12.37
12.33
12.29
12.24
12.20
12.16
12.11
12.07
12.03
11.98
11.94
11.90
11.85
11.81
11.77
11.72
11.68
11.64
11.59
11.55
11.51
11.46
11.42
11.38
11.33
11.29
11.25
11.21
11.16
11.12
11.08
11.04
11.00
10.95
10.91
10.87
10.83
10.79
10.75
10.71
10.67
10.63
10.59
10.55
10.51
10.47
10.44
10.40
10.36
10.32
10.29
10.25
10.21
10.18
10.14
10.11
10.07
10.04
10.01
9.97
9.94
9.91
9.88
9.85
9.82
9.79
9.76
9.74
9.71
9.68
9.66
9.63
9.61
9.59
9.57
9.54
9.52
9.50
9.49
9.47
9.45
9.44
9.42
9.41
9.40
9.38
9.37
9.36
9.36
9.35
9.34
9.34
9.33
9.33
9.33
9.33
9.33
9.33
9.33
9.34
9.34
9.35
9.35
9.36
9.37
9.38