15.43
15.4
15.35
15.3
15.25
15.2
15.146
15.0993
15.0537
15.0093
14.9661
14.9241
14.8832
14.8435
14.8049
14.7673
14.7309
14.6956
14.6613
14.6281
14.5959
14.5648
14.5346
14.5055
14.4773
14.4501
14.4238
14.3985
14.3741
14.3506
14.3281
14.3064
14.2856
14.2657
14.2466
14.2284
14.211
14.1945
14.1788
14.164
14.1499
14.1367
14.1243
14.1126
14.1018
14.0918
14.0826
14.0742
14.0666
14.0598
14.0538
14.0486
14.0443
14.0407
14.038
14.0361
14.0351
14.0349
14.0356
14.0371
14.0395
14.0429
14.0471
14.0522
14.0583
14.0653
14.0733
14.0823
14.0922
14.1032
14.1152
14.1283
14.1424
14.1577
14.174
14.1915
14.2101
14.2299
14.2508
14.273
14.2965
14.3212
14.3472
14.3744
14.403
14.433
14.4643
14.497
14.5312
14.5667
14.6038
14.6422
14.6822
14.7237
14.7668
14.8114
14.8576
14.9053
14.9547
15.0057
15.0583
15.1126
15.1686
15.2262
15.2855
15.3465
15.4093
15.4737
15.5399
15.6078
15.6775
15.7488
15.822
15.8968
15.9735
16.0518
16.1319
16.2137
16.2972
16.3825
16.4694
16.5581
16.6484
16.7404
16.8341
16.9294
17.0262
17.1247
17.2248
17.3264
17.4295
17.5341
17.6401
17.7476
17.8565
17.9667
18.0783
18.1911
18.3052
18.4205
18.5369
18.6545
18.7731
18.8928
19.0134
19.135
19.2574
19.3807
19.5047
19.6295
19.7549
19.8809
20.0074
20.1344
20.2619
20.3897
20.5178
20.6461
20.7746
20.9032
21.0318
21.1604
21.2889
21.4173
21.5454
21.6733
21.8008
21.9278
22.0544
22.1804
22.3057
22.4304
22.5543
22.6774
22.7995
22.9207
23.0409
23.16
23.2779
23.3946
23.51
23.6241
23.7367
23.8479
23.9576
24.0656
24.1721
24.2768
24.3798
24.481
24.5803
24.6777
24.7732
24.8666
24.958
25.0474
25.1346
25.2196
25.3024
25.383
25.4613
25.5373
25.6109
25.6822
25.751
25.8175
25.8815
25.943
26.0021
26.0586
26.1126
26.1641
26.2131
26.2595
26.3033
26.3446
26.3833
26.4194
26.453
26.484
26.5124
26.5383
26.5616
26.5824
26.6006
26.6163
26.6296
26.6403
26.6485
26.6543
26.6576
26.6586
26.6571
26.6532
26.647
26.6385
26.6276
26.6145
26.5991
26.5816
26.5618
26.5398
26.5157
26.4895
26.4612
26.4308
26.3984
26.3641
26.3277
26.2895
26.2493
26.2072
26.1633
26.1176
26.0701
26.0208
25.9697
25.917
25.8626
25.8065
25.7487
25.6894
25.6284
25.5659
25.5018
25.4362
25.3691
25.3005
25.2303
25.1588
25.0858
25.0113
24.9354
24.8581
24.7795
24.6994
24.618
24.5351
24.451
24.3655
24.2786
24.1904
24.1009
24.0101
23.918
23.8245
23.7298
23.6338
23.5365
23.438
23.3382
23.2371
23.1348
23.0313
22.9266
22.8207
22.7137
22.6054
22.4961
22.3856
22.2741
22.1615
22.0479
21.9333
21.8177
21.7012
21.5839
21.4657
21.3467
21.2271
21.1067
20.9858
20.8643
20.7423
20.62
20.4973
20.3743
20.2512
20.1281
20.0049
19.8818
19.759
19.6364
19.5143
19.3926
19.2716
19.1514
19.0319
18.9135
18.7961
18.6799
18.565
18.4516
18.3397
18.2294
18.1209
18.0142
17.9095
17.8068
17.7063
17.6079
17.5118
17.4181
17.3267
17.2377
17.1512
17.067
16.9852
16.9058
16.8286
16.7536
16.6807
16.6096
16.5403
16.4725
16.406
16.3405
16.2755
16.2109
16.146
16.0806
16.0139
15.9455
15.8747
15.8008